38 33
11 47
1461 2879
77 14
15 80
11953 16146
74 90
52 13
3526 3384
30 13
46 70
11420 16443
12 46
21 11
8099 12717
36 13
41 66
6419 13070
27 53
37 15
5668 1112
53 21
38 74
17062 6282
18 70
38 12
17222 7342
80 19
54 66
6378 4014
77 71
88 15
8569 6380
27 57
55 23
3315 12067
87 89
11 77
6983 13521
12 54
67 15
15107 12005
29 72
91 37
9614 5354
56 69
68 22
9480 6120
46 32
17 40
2109 2904
53 12
27 78
13205 6050
26 58
66 28
8892 1786
53 25
24 48
6546 14506
61 90
91 33
4751 5592
69 15
15 63
8156 7136
82 87
16 86
7330 10745
54 15
20 45
17428 6920
67 70
63 14
2989 1050
20 66
57 18
10935 9554
29 51
54 29
3771 7210
50 81
71 37
8410 8943
73 18
11 37
1239 3827
58 55
28 99
3156 7557
99 34
24 36
8631 3214
48 76
85 25
6812 5964
43 74
46 19
9606 1424
47 13
14 40
13405 11139
46 54
12 91
4886 10812
17 84
34 35
2159 6678
46 15
23 58
18454 1703
18 57
99 18
10395 6618
82 32
48 95
2784 2383
65 44
11 37
19146 4461
17 33
50 11
13534 3521
29 12
11 78
1248 7494
35 62
59 34
3162 4332
24 90
80 25
7656 9735
82 14
30 61
5742 6177
11 72
88 24
3487 4056
14 65
66 48
2988 2502
84 14
28 87
6216 5729
17 70
64 12
6571 17770
42 13
28 41
2338 3084
19 38
76 14
7771 2156
47 20
14 63
4304 18772
33 58
44 14
7657 6452
54 76
98 15
8484 2721
20 40
36 15
19800 16585
13 89
66 66
2145 9669
80 15
40 49
10680 5198
74 17
15 73
12709 10781
15 59
77 17
6280 6120
50 14
30 77
3330 10497
40 80
37 13
3609 2521
48 96
48 18
2400 1992
75 22
18 72
5442 7868
13 44
58 33
17227 9230
13 66
88 76
5659 8338
59 18
18 44
3114 1340
32 11
20 49
18756 13214
61 40
11 32
4473 3528
65 13
23 78
16396 11274
13 40
33 13
2924 2268
58 34
20 41
17404 7897
86 20
12 78
18048 9798
17 79
96 30
8430 8382
98 39
34 48
6620 4875
66 67
91 19
5961 2309
65 85
82 18
4930 3770
13 24
41 22
6060 4002
34 76
44 15
9062 6068
20 57
94 62
9522 10048
37 69
80 18
7086 3900
20 30
86 30
2786 2100
36 98
53 35
5791 9317
78 19
11 65
3481 3777
16 31
65 16
7088 3179
58 64
85 17
1283 571
29 17
14 40
12201 18541
38 23
13 78
4672 7737
24 99
57 19
5892 9608
24 50
60 34
3012 4182
63 65
75 19
12123 7779
58 37
14 30
9716 18406
36 97
75 21
1224 1125
73 67
63 12
9736 6049
36 76
54 19
602 11197
51 19
12 67
740 1681
37 19
25 98
2987 5281
15 68
62 21
13634 1083
25 92
97 76
10483 13572
40 18
17 62
17013 13476
76 28
14 43
668 4206
37 12
15 66
15383 13010
52 14
25 62
4629 14632
68 34
12 55
14908 17865
83 45
23 41
5421 3795
78 27
45 68
4311 4061
16 91
82 72
5656 5351
60 20
17 55
1561 3135
15 56
71 11
12551 16574
12 35
61 14
17527 19023
39 23
23 42
4867 9906
34 51
48 23
13054 9219
81 51
22 90
4582 7530
38 36
14 68
1822 2164
23 84
67 11
15640 15995
49 79
33 13
13515 4035
12 58
89 40
4834 3856
31 50
78 18
2445 1464
66 28
43 67
4151 3175
72 30
13 40
18183 18360
64 41
17 42
17623 1156
60 12
22 60
5656 4004
35 11
47 67
4904 3996
16 43
51 20
10743 15989
18 24
91 22
3473 1154
24 69
64 25
8232 3297
82 20
71 86
8175 5222
80 17
17 79
1834 1342
83 22
43 92
3748 6152
25 45
58 25
17894 15400
81 17
15 76
842 8595
69 31
15 61
14162 6486
54 16
23 38
5410 2788
13 58
69 12
12856 13042
17 53
42 17
8799 8442
16 39
47 25
4182 16147
15 39
48 21
16817 6797
32 48
34 16
15440 14240
19 47
70 32
14083 16647
42 86
53 30
1133 828
20 71
37 13
14666 212
25 85
87 81
7639 10507
26 77
58 11
13070 11375
14 70
65 21
7324 3308
12 52
70 24
2306 9556
58 76
72 26
2134 1156
60 34
42 86
3150 5828
62 31
48 97
7814 10039
29 82
89 21
9618 8282
73 39
17 46
7127 6761
39 11
17 62
15705 1673
45 60
77 12
4738 2328
59 28
36 69
4378 11871
19 42
59 34
1337 582
14 41
62 39
19064 3530
12 36
63 28
5414 15996
94 21
40 43
8480 4313
11 83
52 55
5475 11286
38 18
33 59
2195 3425
86 13
27 50
2572 1399
93 18
48 47
5703 3027
25 92
23 13
1716 3306
96 44
21 54
7977 3878
95 12
77 87
11121 6273
19 76
37 15
3389 1852
12 54
77 27
6017 8927
38 20
41 83
1846 2200
82 22
11 24
2171 2540
50 11
14 25
3144 968
60 23
64 97
8996 9898
16 55
71 31
19013 12735
50 23
13 23
15100 9760
40 58
67 16
5613 1728
18 63
73 12
18494 14435
41 22
22 38
10405 13134
67 87
47 17
8357 6977
24 49
47 18
9158 4969
74 55
19 74
3926 7828
29 75
88 62
7887 6157
72 35
11 53
12009 3226
68 14
24 78
9796 4288
64 19
38 49
1654 1434
92 40
19 68
8857 4508
18 36
58 33
2710 1851
58 14
18 64
3912 2686
53 20
21 36
16294 12904
23 96
84 40
4255 3472
23 48
56 28
14775 16408
11 79
30 31
2925 8095
56 83
36 13
4976 17088
20 86
94 11
6622 3703
51 16
53 80
7012 4608
45 62
58 21
4237 2951
27 50
26 16
15183 15590
98 27
31 53
4669 2220
15 67
58 22
14390 4978
96 41
13 49
4275 4563
45 76
53 27
5037 6069
23 12
32 85
4539 9062
23 55
63 31
2492 8764
17 34
74 34
5054 2584
22 20
69 14
5162 1964
73 43
14 30
4519 14141
20 41
52 34
15084 12885
48 16
16 26
12208 5510
15 68
59 20
14017 4348
33 43
88 29
5863 2157
90 59
20 63
8390 10040
16 40
38 27
1930 1629
51 59
93 13
7260 5372
26 54
60 39
7640 7563
24 60
55 18
13404 10124
71 12
20 69
7325 16931
31 62
91 46
3619 2478
30 81
91 64
6973 5563
57 20
24 56
6896 6032
94 48
40 66
10026 5940
38 95
61 29
7490 6869
66 91
76 25
8304 7859
39 19
12 18
7967 11793
96 31
20 67
2600 2898
67 16
23 67
19653 13787
17 37
56 34
266 8102
74 17
23 74
17764 14647
95 38
50 73
11310 6644
82 13
13 66
11485 3256
98 37
32 88
8598 6207
30 45
40 13
19780 3463
22 49
95 28
9489 4795
52 16
13 71
11274 11738
39 74
95 47
10423 9916
55 85
96 35
5253 2110
37 33
29 90
1699 4209
19 75
90 67
8877 12268
13 31
40 27
15606 17360
14 83
84 25
5446 9110
31 58
45 13
13589 2965
56 12
40 61
7600 5351
50 30
16 34
14194 18386
12 34
35 13
18026 5992
26 83
73 15
3330 8173
69 29
11 45
1131 4841
40 74
51 13
3375 2583
51 27
11 24
18338 431
14 94
78 72
2114 4708
79 72
90 19
2094 774
73 79
58 13
4001 2588
16 38
57 41
1614 2512
15 48
70 34
7570 9634
46 48
67 19
7208 3652
41 70
43 17
11708 7946
12 45
58 39
1830 3114
44 16
12 43
4220 10655
35 21
13 47
10931 10889
72 12
16 67
10608 4182
20 46
26 16
11452 2952
45 20
24 39
13166 12551
65 23
11 33
19578 5834
78 31
12 55
2456 19050
39 99
98 35
5176 9505
12 25
33 22
19454 10070
48 15
15 29
9644 17154
88 81
74 11
8202 2238
24 85
41 25
4286 3880
25 99
88 37
7066 10227
21 12
15 65
1236 1722
80 33
14 96
6680 4560
39 91
42 31
2343 1916
37 11
17 47
1729 4415
50 11
65 92
9450 9072
11 99
78 12
6466 6444
69 38
34 79
5916 5428
13 49
60 22
6187 13675
11 42
88 42
1298 3780
63 12
11 82
13411 14496
46 50
68 14
6064 1978
20 47
61 16
8092 12115
25 91
47 18
2736 4142
43 12
20 34
15175 16880
48 69
40 14
14520 8113
47 11
38 66
18819 10055
61 23
49 80
4792 4760
67 94
73 12
5898 4206
78 12
55 45
2723 1917
91 99
95 21
14793 9423
83 29
37 47
4954 5070
21 50
23 11
5354 15292
45 17
16 53
1626 8358
57 20
20 51
17486 17959
11 51
95 13
9572 4626
46 23
29 56
11764 7258
13 38
46 15
13792 16649
32 54
45 19
1729 6947
79 16
86 83
5312 1994
15 94
54 23
5319 10939
18 96
22 21
2150 2604
92 32
12 42
6928 4528
53 17
12 61
6202 9615
15 74
81 11
13811 18227
60 20
11 65
15686 2290
12 42
88 35
6908 5614
98 29
77 90
9429 6487
23 42
46 27
14199 9962
75 50
19 44
17671 17596
12 90
35 41
2357 8153
65 33
16 57
2125 11579
39 61
91 36
10426 5993
98 32
29 43
4099 3585
11 28
51 24
10410 7624
33 78
90 29
8046 5422
28 93
98 26
2044 3794
69 19
15 59
1679 14277
94 12
12 16
6464 912
20 57
37 15
1017 6431
77 22
25 48
1378 884
44 17
36 67
11320 11922
31 79
89 44
6326 7712
71 23
24 62
4287 1931
65 59
18 89
3241 5267
62 20
27 64
14578 5476
19 77
44 19
3144 1908
-1